7 49 23 
8 30 22 
44 28 -23
9 40 15 
42 42 -37
3 27 29 
40 12 3 
19 9 7 
10 33 49 
28 16 35 
47 26 12 
17 10 33 
29 49 29 
21 17 22 
43 36 35 
45 28 41 
44 7 1 
3 8 44 
18 40 24 
46 30 3 
22 16 49 
24 1 3 
27 8 28 
33 48 31 
35 13 15 
14 13 36 
25 19 15 
44 29 1 
17 45 5 
4 1 48 
38 23 5 
32 2 16 
16 37 38 
44 1 47 
21 28 37 
8 27 47 
44 4 9 
31 45 25 
35 48 42 
49 18 12 
10 7 44 
8 45 18 
13 30 6 
12 42 15 
32 2 17 
21 45 12 
21 1 40 
31 38 7 
16 40 40 
29 35 6 
22 48 45 
19 4 23 
39 10 5 
26 23 6 
13 20 38 
44 20 44 
16 34 26 
44 13 38 
44 40 0 
9 23 47 
35 17 22 
39 47 35 
46 35 23 
20 44 18 
35 15 25 
34 42 11 
29 2 44 
45 18 46 
42 15 41 
33 19 47 
3 47 25 
10 12 11 
8 27 11 
25 35 18 
45 26 17 
39 24 31 
6 1 22 
10 44 34 
5 39 7 
15 43 19 
30 5 5 
6 13 2 
26 8 49 
31 44 38 
8 47 1 
49 3 31 
31 14 19 
25 9 30 
29 23 4 
10 37 45 
17 25 0 
6 14 47 
48 4 0 
0 26 12 
4 47 4 
31 48 15 
28 49 9 
29 3 33 
47 7 23 
22 5 26 
